0.009999999656903402     1.0036007671617695    1.0000082100853103    1.0135644365913854    -1599.7514701570783    -1027.1412911369946    -3166.473101055811    42.609114702589736
0.10799996393521223     1.0017595393583896    1.0000936515674936    1.0115818795706566    -1303.2273153109209    -1040.1302960639357    -2882.9637371776817    42.60911339665776
0.2059998832055838     1.0012570693817224    1.000188386799391    1.0111790521659194    -1222.7590616393559    -1054.6325955849063    -2816.9966691120244    42.609112092260084
0.3039997770433401     1.0009523607291024    1.0002947701938318    1.0109858781915055    -1174.2659532500052    -1071.0478749878594    -2784.9179514194257    42.60911586283642
0.4019996650168055     1.0007323239958363    1.0004166407851027    1.0108734445859477    -1139.4463681827306    -1089.9585477017822    -2769.0106718817897    42.60911455554131
0.49999956671446494     1.0005594610653397    1.0005594307642038    1.0108559764563885    -1112.2616802132982    -1112.2616802127873    -2764.127522098775    42.609113249782105
0.5979995016905946     1.000416731716268    1.000732354325192    1.010871393792792    -1089.9585401437325    -1139.4463606258719    -2769.0109248854424    42.60911194555699
0.6959994895432962     1.0002948038985962    1.000952333829682    1.0109793533247806    -1071.0478745630296    -1174.2659528241875    -2784.918756295906    42.60911571630567
0.7939995498374534     1.0001883632971307    1.0012569852221658    1.0111929214454223    -1054.632602292574    -1222.7590683444648    -2816.9949586078546    42.60911440918271
0.8919997021303572     1.0000936886558656    1.0017595158455446    1.011577782680818    -1040.1302952163308    -1303.2273144608046    -2882.9642422521365    42.60911310359545
0.9899999660349381     1.0000083077682402    1.0036008036438406    1.0136093753486464    -1027.1412827323097    -1599.7514618464686    -3166.4675718679464    42.60911179954208
