1E-05     0.377066703539651    1.0040761101322087    0.37861600538537504    -2952.2251398792414    -2383.1934328514935    -2951.6303520510196    2.7118905329329057
0.10001     0.9046409784471091    1.0027491221205067    0.37866266204852495    -2655.549866477534    -2396.113684569448    -2951.614985046193    2.7118881889662507
0.20001000000000002     0.9552937711738956    1.0007906305242318    0.37860738229933893    -2577.0061528706847    -2410.5676472922564    -2951.6331923886983    2.7118909661786885
0.30001     0.9748950093239214    0.9985895201611749    0.3786541998268026    -2529.21689995037    -2426.882312753454    -2951.6177720531227    2.7118886140737177
0.40001     0.9850253537515476    0.995359402807293    0.37859908026560285    -2494.7927418738304    -2445.6983212441505    -2951.6359270368516    2.711891383301526
0.50001     0.9914780975098321    0.9912003268383561    0.3786460527429809    -2467.824753917262    -2467.829601264283    -2951.6204553291946    2.7118890233611026
0.6000099999999999     0.9956170104665898    0.9847280497082128    0.378591087423165    -2445.6968961713164    -2494.801392966941    -2951.638559895605    2.7118917849014226
0.7000099999999999     0.9988266791923843    0.9745790389425159    0.37863820896490097    -2426.884089807898    -2529.2301021122335    -2951.6230387648047    2.711889417417135
0.8000099999999999     1.0010070321364555    0.9549609738498069    0.3785833921892346    -2410.5724886690227    -2577.0257031729816    -2951.641094774023    2.711892171556052
0.9000099999999999     1.0029446408349196    0.90429373579247    0.37863065728370743    -2396.1214994157403    -2655.5823295842856    -2951.6255260456205    2.711889796808642
