1E-05     0.527796370009635    0.9999750008214414    0.3463574774372699    -4060.29137969017    -2544.80907711233    -5679.527947448838    2.7118898956910966
0.10001     0.558372457062794    0.9359942686272169    0.5289468791635119    -2904.6342930546407    -2566.1947261680248    -4438.699739363648    2.711892640846778
0.20001000000000002     0.5948955196081265    0.8765478789345501    0.5289638728577898    -2810.296580696613    -2589.0668548168387    -4420.975583747959    2.711890257283966
0.30001     0.6341410434835087    0.8211382909663874    0.5290578948791744    -2751.765953292319    -2613.863335736606    -4387.32854645718    2.7118879184952442
0.40001     0.6760645488972478    0.7692735832936837    0.5288462041701928    -2707.9065936944717    -2641.224463948728    -4370.925633562207    2.711890700787836
0.50001     0.7211780468284028    0.7210850851279268    0.5288463634505308    -2672.023035792385    -2672.029636626346    -4365.938925554359    2.7118883536681055
0.6000099999999999     0.7693568962933299    0.6759635777453623    0.5289002341555061    -2641.2212654229834    -2707.9169920544537    -4371.029684178169    2.7118911277870126
0.7000099999999999     0.8212101152679955    0.6340334377899721    0.5288410405215167    -2613.8633285945034    -2751.780966517646    -4387.704011946066    2.711888772646307
0.8000099999999999     0.8766062486460214    0.5947826471781585    0.5290200001432502    -2589.0698966403347    -2810.3182514873292    -4421.415019934861    2.711891538895707
0.9000099999999999     0.9362524281385822    0.5583799776948697    0.5292743747550047    -2566.172005810223    -2904.6430701726963    -4492.9860457837185    2.711889176032521
